abs <- c(0.05,
         0.14,
         0.17,
         0.22,
         0.21,
         0.21
         )
molar_absorb <- 280

conc <- abs / rep(280, 6) * rep(20, 6)