mg_per_ml <- c(23.2, 46.4, 58, 69.6, 81.2, 92.8) / c(rep(20, 6))