temp <- c(37,
          25.3,
          28,
          30,
          33)

one_over_T <- rep(1, 5) / (temp + rep(273, 5))

